125 0 0
50 50 150
0 175 0
50 50 50
0 255 255
205 0 0
200 0 255
0 125 0
0 0 150
255 142 0
255 0 0
20 20 20
0 255 0
130 255 0
76 255 0
0 0 125
100 100 100
0 0 175
150 150 150
20 20 200
125 0 125
0 0 205
150 0 150
0 0 255
175 0 175
205 0 205
150 0 0
255 255 0
255 0 255
175 0 0
0 150 0
255 0 175
255 162 0
0 205 0
200 200 0
0 200 200
50 50 200
130 216 231
188 239 142
110 157 201
169 174 213
196 108 122
122 192 203
224 185 182
117 146 146
120 113 249
130 103 223
153 192 115
246 242 173
175 136 111
236 202 200
148 208 104
231 146 108
151 254 117
177 117 189
121 151 190
144 127 130
173 198 252
172 218 230
201 139 252
245 118 114
153 244 158
135 108 156
131 250 237
230 101 121
163 253 230
248 112 171




