130 216 231
188 239 142
110 157 201
169 174 213
196 108 122
122 192 203
224 185 182
117 146 146
120 113 249
130 103 223
153 192 115
246 242 173
175 136 111
236 202 200
148 208 104
231 146 108
151 254 117
177 117 189
121 151 190
144 127 130
173 198 252
172 218 230
201 139 252
245 118 114
153 244 158
135 108 156
131 250 237
230 101 121
163 253 230
248 112 171
219 112 147
84 255 159
255 215 0
123 104 238
255 255 0
50 205 50
139 0 139
255 140 105
255 127 80
16 78 139
240 255 240
155 48 255
139 58 58
255 228 225
131 139 139
85 26 139
106 90 205
0 139 139
218 165 32
255 228 181
199 21 133
139 58 98
255 182 193
139 117 0
139 34 82
131 139 131
69 139 116
171 130 255
0 139 69
255 160 122
255 239 219
175 238 238
255 174 185
54 100 139
154 205 50
127 255 0
72 209 204
205 133 63
238 232 170
139 137 112
230 230 250
32 178 170
218 112 214
176 224 230
139 102 139
255 248 220
65 105 225
46 139 87
255 255 240
139 95 101
210 180 140
132 112 255
198 226 255
255 99 71
255 130 171
0 134 139
224 255 255
160 82 45
176 196 222
255 218 185
0 255 0
0 250 154
139 69 19
255 255 224
255 246 143
72 118 255
216 191 216
0 191 255
255 187 255
255 48 48
144 238 144
102 139 139
138 43 226
0 255 255
139 129 76
255 20 147
176 226 255
178 34 34
139 131 120
0 0 128
0 245 255
255 105 180
139 105 20
71 60 139
255 192 203
205 192 176
105 139 34
104 131 139
255 222 173
108 123 139
238 221 130
139 28 98
124 252 0
240 128 128
152 251 152
139 134 130
30 144 255
135 206 250
139 76 57
165 42 42
139 136 120
127 255 212
255 0 255
139 119 101
187 255 255
210 105 30
93 71 139
139 137 137
60 179 113
95 158 160
255 62 150
64 224 208
255 64 64
192 255 62
110 123 139
0 104 139
135 206 235
139 105 105
139 139 0
244 164 96
176 48 96
0 0 205
70 130 180
205 92 92
135 206 255
240 230 140
139 71 137
255 127 36
139 139 122
139 71 38
173 216 230
139 90 43
84 139 84
186 85 211
139 10 80
139 87 66
122 139 139
0 0 255
255 250 250
139 35 35
188 143 143
255 52 179
255 165 0
255 106 106
255 165 79
139 99 108
255 114 86
238 130 238
222 184 135
255 236 139
25 25 112
255 250 205
154 255 154
245 255 250
139 26 26
139 125 107
255 228 196
139 131 134
107 142 35
102 205 170
255 193 37
0 139 0
250 128 114
139 134 78
83 134 139
152 245 255
224 102 255
0 255 127
255 245 238
69 139 0
238 223 204
221 160 221
74 112 139
245 222 179
238 203 173
191 239 255
147 112 219
100 149 237
205 175 149
99 184 255
255 130 71
34 139 34
139 71 93
139 121 94
39 64 139
255 231 186
240 248 255
96 123 139
139 37 0
122 55 139
139 90 0
139 126 102
255 193 193
208 32 144
250 250 210
202 225 255
255 225 255
139 125 123
255 131 250
0 0 139
240 255 255
139 0 0
131 111 255
139 123 139
255 110 180
255 69 0
255 211 155
211 211 211
139 54 38
139 62 47
139 115 85
160 32 240
245 245 220
255 240 245
255 181 197
173 255 47
